running_time: 0.026445999999999997
running_time: 0.027538
running_time: 0.032479999999999995
running_time: 0.033680999999999996
